- BAMLH0A0HYM2: 2.84
  BTCUSD: 110828.09375
  DXY: 97.7699966430664
  GOLD: 3613.199951171875
  M2SL: 22115.4
  NDX: 23652.439453125
  PCEPILFE: 126.253
  RRPONTSYD: 20.997
  TNX: 0.4085999965667725
  VIX: 15.180000305175781
  WALCL: 6602071.0
  timestamp: '2025-09-06T07:50:51.659095Z'
- M2SL: 22115.4
  WALCL: 6602071.0
  RRPONTSYD: 20.997
  PCEPILFE: 126.253
  BAMLH0A0HYM2: 2.84
  DXY: 97.7699966430664
  TNX: 0.4085999965667725
  VIX: 15.180000305175781
  NDX: 23652.439453125
  BTCUSD: 110818.75
  GOLD: 3613.199951171875
  timestamp: '2025-09-06T07:58:21.409749Z'
